,accuracy mean,accuracy std,precision mean,precision std,recall mean,recall std,roc_auc mean,roc_auc std,f1 mean,f1 std,runtime mean,runtime std
1,0.9473214285714284,0.00625000000000002,0.4,0.43588989435406733,0.11666666666666665,0.1301708279317776,0.870125786163522,0.07109005092398088,0.1657142857142857,0.17037773161000658,0.45950419902801515,0.07997280917537672
2,0.9473214285714284,0.00625000000000002,0.3,0.30550504633038933,0.16666666666666666,0.16666666666666669,0.9114779874213838,0.06337492310781082,0.21333333333333332,0.2138881673869505,1.3679133176803588,0.11267645903279187
3,0.9508928571428571,0.009149063183892515,0.6,0.43588989435406733,0.1833333333333333,0.13844373104863458,0.9067610062893083,0.05976518301971881,0.2657142857142857,0.18943525090572316,1.9783809423446654,0.24020238023746152
4,0.95,0.008183170883849735,0.5333333333333333,0.3929942040850532,0.19999999999999998,0.1452966314513558,0.9216981132075471,0.05373035151959759,0.276031746031746,0.19141363231080677,2.561754274368286,0.18491041469854302
5,0.95,0.008183170883849735,0.5333333333333333,0.3929942040850532,0.19999999999999998,0.1452966314513558,0.9185534591194969,0.054665449601076284,0.276031746031746,0.19141363231080677,2.8100019693374634,0.21844655794850204
6,0.95,0.008183170883849735,0.5333333333333333,0.3929942040850532,0.19999999999999998,0.1452966314513558,0.9187106918238994,0.05649907332845739,0.276031746031746,0.19141363231080677,3.0686025857925414,0.25787976837378424
7,0.95,0.008183170883849735,0.5333333333333333,0.3929942040850532,0.19999999999999998,0.1452966314513558,0.9146226415094338,0.05708673243386307,0.276031746031746,0.19141363231080677,3.564723992347717,0.43588255259683567
8,0.9491071428571429,0.006973437210630966,0.5333333333333333,0.3929942040850532,0.1833333333333333,0.13844373104863458,0.9135220125786164,0.056086031888373626,0.2546031746031746,0.1765593164912543,3.152121329307556,0.3932517595406743
9,0.9491071428571429,0.006973437210630966,0.5333333333333333,0.3929942040850532,0.1833333333333333,0.13844373104863458,0.914622641509434,0.055643718858821245,0.2546031746031746,0.1765593164912543,4.415878391265869,0.5379308813495527
10,0.9491071428571429,0.006973437210630966,0.5333333333333333,0.3929942040850532,0.1833333333333333,0.13844373104863458,0.9160377358490568,0.05196392209026573,0.2546031746031746,0.1765593164912543,5.720315480232239,0.5161443812307286
11,0.9491071428571429,0.006973437210630966,0.5333333333333333,0.3929942040850532,0.1833333333333333,0.13844373104863458,0.9177672955974844,0.05215790614822319,0.2546031746031746,0.1765593164912543,4.743994522094726,0.37754804002940845
12,0.9491071428571429,0.006973437210630966,0.5333333333333333,0.3929942040850532,0.1833333333333333,0.13844373104863458,0.9163522012578618,0.05182863140147202,0.2546031746031746,0.1765593164912543,4.948875880241394,0.27150382479563795
13,0.95,0.010714285714285728,0.6133333333333334,0.3804091364716561,0.2333333333333333,0.13333333333333333,0.9135220125786165,0.053227392703807413,0.31875901875901874,0.17513329895617835,5.31995723247528,0.3101147434391382
14,0.95,0.010714285714285728,0.6133333333333334,0.3804091364716561,0.2333333333333333,0.13333333333333333,0.9135220125786165,0.05329237777186127,0.31875901875901874,0.17513329895617835,5.5730815649032595,0.30606310681732773
15,0.9473214285714286,0.008423197439336276,0.5133333333333334,0.39670868124831576,0.1833333333333333,0.13844373104863458,0.9132075471698116,0.054161132431725746,0.24733044733044732,0.17108448080679287,6.178885436058044,0.43313680252216663
16,0.9473214285714286,0.008423197439336276,0.5133333333333334,0.39670868124831576,0.1833333333333333,0.13844373104863458,0.9128930817610064,0.052729013632007986,0.24733044733044732,0.17108448080679287,6.079367160797119,0.29898709064473156
17,0.9473214285714286,0.008423197439336276,0.5133333333333334,0.39670868124831576,0.1833333333333333,0.13844373104863458,0.9125786163522014,0.05403042857261123,0.24733044733044732,0.17108448080679287,6.229270267486572,0.37458908689795717
18,0.9455357142857143,0.007416628449034014,0.4800000000000001,0.38935844667863573,0.15,0.11666666666666667,0.9135220125786164,0.05390124241777565,0.20844155844155843,0.14137960823455856,7.001761412620544,0.3175082942393526
19,0.9482142857142858,0.010412414097938048,0.5800000000000001,0.38157568056677826,0.2,0.12472191289246472,0.9135220125786164,0.05491452088699537,0.2798701298701299,0.16415091230467493,7.11705265045166,0.5906671296794468
20,0.9482142857142858,0.010412414097938048,0.5800000000000001,0.38157568056677826,0.2,0.12472191289246472,0.9157232704402517,0.053311857845500035,0.2798701298701299,0.16415091230467493,7.831973767280578,0.5999837941615088
