,accuracy mean,accuracy std,precision mean,precision std,recall mean,recall std,roc_auc mean,roc_auc std,f1 mean,f1 std,runtime mean,runtime std
1,0.9488392857142858,0.010035663078621096,0.5505,0.30821708888378796,0.22166666666666668,0.12989539261373725,0.8291037735849057,0.08315777483327634,0.2967049062049062,0.1591367450327387,0.047254951000213624,0.0015067498982909509
2,0.9536607142857143,0.011337812964137947,0.6908333333333333,0.29560849646739495,0.26166666666666666,0.1497002671001655,0.8587106918238995,0.07606103526321291,0.36101010101010106,0.17732203152596956,0.6663714814186096,0.10725111664550369
3,0.9548214285714286,0.01077975152953873,0.7243333333333333,0.3156759601820122,0.24499999999999997,0.13883547223948095,0.8577672955974844,0.07856675124602538,0.3518152958152958,0.17687479553902247,0.6904593300819397,0.11687971569566549
4,0.9561607142857141,0.011152513797443007,0.7348333333333333,0.3023630662053268,0.27999999999999997,0.15154744860340483,0.8637264150943395,0.07810065224243684,0.38865945165945165,0.18318127844603624,0.6939796328544616,0.10147569327808484
5,0.9564285714285715,0.010600653950429837,0.7423333333333332,0.29881754343568223,0.27666666666666667,0.14512855476457812,0.8616666666666667,0.07942009222776761,0.38756854256854256,0.17823163666846203,0.6972438383102417,0.11703186613096761
6,0.9568750000000001,0.011304192775787736,0.7593333333333332,0.29607253280410817,0.2866666666666667,0.14946462926721624,0.8633018867924529,0.07891565801848194,0.39978715728715725,0.18178834089589135,0.730131812095642,0.13325695387765293
7,0.9570535714285715,0.010895116363669409,0.7573333333333332,0.30420497857327383,0.2833333333333333,0.1463892416361077,0.86187106918239,0.0792676515914763,0.39687806637806633,0.18048900580786265,0.7210366034507751,0.10965660816003464
8,0.9570535714285715,0.010669535963064667,0.749,0.2960699040762399,0.285,0.15185388798641225,0.8612578616352202,0.07879440768071767,0.3960800865800866,0.18202834278806454,0.726641767024994,0.11191765753382295
9,0.9569642857142856,0.01084979258538298,0.746,0.2965319064986966,0.28833333333333333,0.15184002746390163,0.8611949685534592,0.0788847921954306,0.3981320346320346,0.18038042704530804,0.7335173296928406,0.11390328100986044
10,0.9577678571428571,0.01092423981647472,0.7479999999999999,0.29667516197689175,0.29333333333333333,0.16414615125080945,0.8620597484276729,0.07994219448675025,0.40175541125541125,0.1936194824863068,0.7562176871299744,0.12017437518875787
11,0.9575000000000001,0.011815453132020174,0.7442380952380951,0.29874663087076686,0.29666666666666663,0.1700650033323572,0.8615251572327043,0.07889878586723621,0.4046882006882006,0.20091843485282368,0.8536361503601075,0.13164023604994565
12,0.957232142857143,0.011446218964385215,0.7489999999999999,0.28349424147127456,0.29999999999999993,0.16522824492520063,0.8613836477987421,0.07830125754632603,0.4093225108225108,0.19330686116619705,0.920451331138611,0.11626763815954248
13,0.9580357142857142,0.011500008084435086,0.76,0.28234138453299695,0.30833333333333324,0.1670973614155325,0.861509433962264,0.07838241930778064,0.4195259740259741,0.1950300162126888,1.019916491508484,0.13837447091734317
14,0.9576785714285714,0.01115793681624163,0.7626666666666667,0.2841901728365788,0.29666666666666663,0.1592327053290663,0.8632547169811321,0.076956589817354,0.4108189033189033,0.18909932293903411,1.2426032471656798,0.13987689901583736
15,0.9574107142857142,0.011128691071409392,0.756,0.28490811392761667,0.295,0.16003822995164613,0.863066037735849,0.07724017394129006,0.40754112554112554,0.1889045469441487,1.4105682945251465,0.13481407159859488
