,accuracy mean,accuracy std,precision mean,precision std,recall mean,recall std,roc_auc mean,roc_auc std,f1 mean,f1 std,runtime mean,runtime std
1,0.9458035714285714,0.015208722802906294,0.49728463203463197,0.2734057319647626,0.31833333333333336,0.1896316289343209,0.8012106918238994,0.10244373650870597,0.3618127526068703,0.190702503477657,0.03489986896514892,0.002488297743831539
2,0.9508928571428571,0.01305639821399755,0.5735873015873016,0.24021169798739436,0.3433333333333334,0.18192220689742444,0.832688679245283,0.08731447568678255,0.40705883005883015,0.18710276367647716,0.6549633121490479,0.09423648164970917
3,0.9530357142857143,0.014686884952909993,0.6073809523809524,0.2886035322053315,0.3416666666666667,0.20557474923587327,0.8359276729559749,0.08560443677722965,0.4114426684426684,0.21968316460847054,0.6490200257301331,0.08191272480672276
4,0.9541071428571429,0.012039559698132626,0.6241428571428572,0.24024625605810987,0.35333333333333333,0.18977711125930377,0.847311320754717,0.076724187979367,0.4279441114441115,0.19476991360168056,0.6561691570281983,0.08615739296368827
5,0.9542857142857143,0.013952279242695894,0.6384047619047619,0.27216878372142217,0.32499999999999996,0.20104095303228248,0.8471855345911949,0.07699159798912458,0.40783682983682984,0.21830886059438245,0.666047441959381,0.07442330022110233
6,0.9541964285714286,0.01279461057634394,0.6519047619047619,0.2523044406439687,0.33999999999999997,0.19483784324360937,0.85187106918239,0.07515056072118463,0.42072427572427573,0.20102257472245313,0.6898664116859436,0.08845975266655993
7,0.9539285714285715,0.013930701785713845,0.6465714285714286,0.27233123573239854,0.32833333333333325,0.1960639105046776,0.8500786163522014,0.07684478664421178,0.4111232656232656,0.2115079262189848,0.6813386249542235,0.0817984591626686
8,0.9546428571428571,0.013506729816731056,0.647547619047619,0.24571768558283485,0.35,0.1947011483970859,0.8514308176100629,0.07566185365683346,0.4317390942390943,0.20392277381992283,0.6834957051277161,0.07861261209558615
9,0.9550000000000001,0.013069664104009355,0.6647380952380952,0.25828953331872057,0.33666666666666667,0.19479003648236662,0.8496226415094339,0.07688649899180337,0.4210980130980131,0.20645011051310994,0.7225183033943177,0.09209192044161135
10,0.9553571428571429,0.013025817437490771,0.6491428571428572,0.24122211829146414,0.3616666666666667,0.2007128755350042,0.853679245283019,0.07462195717963266,0.4403714618714618,0.2072135680169925,0.7203827786445618,0.09102887356597557
11,0.9558928571428572,0.013375741937660607,0.6689285714285715,0.25057889051485827,0.35000000000000003,0.1986893777410184,0.8520440251572328,0.0753190317853741,0.4353444888444888,0.21089917701687239,0.7107539844512939,0.08550061412000157
12,0.9552678571428572,0.012625127986632036,0.6591428571428571,0.24842916136401935,0.3516666666666666,0.19405055544544955,0.8547641509433964,0.07431239383129193,0.4337553002553002,0.20154946255778405,0.7136124563217162,0.08789373323496281
13,0.9552678571428572,0.012458541393226299,0.6592380952380952,0.25268704321472846,0.345,0.19623649967289855,0.8544025157232704,0.0756637388494811,0.42764430014430016,0.20510159572346365,0.7178990840911866,0.08295136761437297
14,0.9556250000000001,0.012410092227874002,0.6641666666666668,0.24391476695192357,0.35,0.18370749910247777,0.8548427672955974,0.07582313846870502,0.4370240315240316,0.19613341648027288,0.7300408339500428,0.09327506511567243
15,0.9556250000000001,0.012659827518132489,0.6572619047619048,0.2531090282686102,0.345,0.1897993134352997,0.8541509433962263,0.07554224866353736,0.4308286158286158,0.20242537501760083,0.7417044091224669,0.09136236833689067
16,0.9549107142857143,0.013546420251659533,0.6525,0.25079757776293504,0.3516666666666667,0.19041733087183094,0.8546226415094338,0.07692685707625455,0.4342347097347098,0.204882421065389,0.7370064115524292,0.08573400616195481
17,0.9554464285714287,0.01323061017616734,0.6608333333333334,0.2597148804191816,0.345,0.19034923158603906,0.8537735849056605,0.07711449448224286,0.43113514263514263,0.20383569090979498,0.7480333375930787,0.0956978635700002
18,0.9546428571428572,0.01260221295800749,0.6435000000000001,0.2410315443539119,0.3466666666666667,0.18156404145652943,0.855927672955975,0.07676074648068036,0.43041075591075584,0.19323722337308738,0.7564633369445801,0.0990731538331919
19,0.9548214285714286,0.012597362501699627,0.6482619047619048,0.24208871946376717,0.3433333333333333,0.1839567010801339,0.8559433962264154,0.077670251818948,0.4277831612831613,0.19601787050153469,0.7615405535697937,0.08274931053993968
20,0.9550892857142858,0.012518684756172637,0.6535952380952381,0.24191165116184915,0.35333333333333333,0.17827230905253982,0.8571540880503145,0.07505458492100113,0.43803352203352197,0.1900133727007894,0.7831386041641234,0.10018423770997305
21,0.9550892857142858,0.012046809057349828,0.645095238095238,0.23576032226070245,0.34833333333333333,0.17931757342519944,0.856745283018868,0.07541579767623455,0.4326547341547341,0.19081884878316444,0.7872106838226318,0.08769963567716457
22,0.9550000000000001,0.011920372540661982,0.6614285714285714,0.2448381215433913,0.34500000000000003,0.18380726308384807,0.8584748427672956,0.07516847338177872,0.43055444555444555,0.19291554883649165,0.795459771156311,0.0973748786222934
23,0.955267857142857,0.012481238470761064,0.664595238095238,0.24747125295337424,0.3466666666666667,0.18680341639496204,0.8577515723270441,0.07595500977073234,0.43263525363525357,0.1972288100649696,0.7904908108711244,0.08897986860006446
24,0.955267857142857,0.012088730588538956,0.6662619047619047,0.24695472455495454,0.3433333333333334,0.18274451633871294,0.8575786163522012,0.07530027117346853,0.4307312132312132,0.19400160385921178,0.8243144178390501,0.09301002247162583
25,0.9556250000000001,0.01257703453422233,0.6752619047619046,0.2530254239041055,0.3433333333333334,0.18274451633871294,0.8571698113207548,0.07519471716596945,0.433519092019092,0.1975035786756313,0.8206245446205138,0.08792482161225615
