,accuracy mean,accuracy std,precision mean,precision std,recall mean,recall std,roc_auc mean,roc_auc std,f1 mean,f1 std,runtime mean,runtime std
1,0.9551785714285714,0.014126961983974696,0.6582380952380953,0.29455941391346474,0.32166666666666666,0.19724527794694136,0.8497327044025156,0.0765282324279997,0.40936208236208227,0.22220679581998862,0.7249218392372131,0.14375901985224196
2,0.9539285714285715,0.014392933202143993,0.6397380952380952,0.2771169949740892,0.33333333333333337,0.20058198898992674,0.8515251572327044,0.076406492696149,0.4128620823620824,0.2164257405359394,0.8199009609222412,0.1580791978430021
3,0.9541071428571428,0.014283004754648531,0.6391190476190475,0.2702226740916026,0.3466666666666667,0.2008770322489089,0.8524213836477987,0.07643267566519436,0.4239133644133644,0.2123849674488661,0.9780213594436644,0.16966294210922545
4,0.9539285714285715,0.013948632092137984,0.6264761904761904,0.24972125797426642,0.36,0.2034355689406369,0.853506289308176,0.07645777650387357,0.4313560883560884,0.20759291710422043,1.0971078419685365,0.1798619673853637
5,0.9533928571428572,0.013761230750846403,0.6017857142857144,0.2313932668931306,0.3883333333333333,0.200617442006308,0.8554874213836478,0.07575316616919248,0.44858086358086363,0.197074478870261,1.2542175960540771,0.21191567862684257
6,0.9523214285714288,0.013559813279289576,0.5805833333333335,0.22576917051685705,0.3833333333333333,0.2049972985577658,0.8554245283018866,0.0755519466107322,0.4380153735153735,0.19747589975414603,1.3804997181892396,0.22649438752318826
7,0.9523214285714285,0.013806348174246955,0.5865714285714285,0.2263202136228945,0.3949999999999999,0.20224614627497345,0.8563993710691824,0.0754211974619353,0.44731757131757127,0.19470888042696016,1.5081836819648742,0.24713986931601944
8,0.9528571428571428,0.014129968301529678,0.5864761904761905,0.2251171640701747,0.39499999999999996,0.20264665955757125,0.8568238993710692,0.07524957308742349,0.4505531690531691,0.19962055471383763,1.6086910367012024,0.23437009724281904
9,0.9516964285714286,0.014878737191621244,0.5696507936507936,0.22487722809055652,0.40499999999999997,0.21200236460543667,0.8572012578616353,0.07543833287526655,0.4503952158952158,0.20276081364452817,1.7503115272521974,0.24646173522119766
10,0.9520535714285716,0.014409640448516151,0.5761666666666667,0.21706460576304543,0.4116666666666666,0.20810272189323578,0.8572327044025159,0.07498549404966176,0.4572319347319348,0.1966205564363619,1.9088427591323849,0.2667102283972894
11,0.9512499999999999,0.014527926356585896,0.5705992063492065,0.2170848792273589,0.4133333333333333,0.2065120445429282,0.8568710691823899,0.0752890322121926,0.4541726606726608,0.1950331343917618,2.0447177481651306,0.2755492617774909
12,0.9513392857142857,0.014528333514264058,0.5708888888888889,0.21900739993582247,0.4133333333333333,0.21095204941032414,0.8574685534591195,0.07484695000142713,0.4537221667221668,0.19694081621467854,2.169254002571106,0.280679465713431
13,0.9508928571428571,0.014332487105853059,0.5693650793650794,0.21730484910763778,0.4149999999999999,0.199125672489894,0.8575825471698113,0.07494272325974775,0.4551872016872017,0.18905761307997956,2.3085764288902277,0.3059325751857186
14,0.9511607142857145,0.014650649093814949,0.5690396825396825,0.2218443007281289,0.41833333333333333,0.20608735116620308,0.8571540880503145,0.07535579908562753,0.4576081696081696,0.19416957870498514,2.447502965927124,0.29900750202950593
15,0.9507142857142856,0.014397148809079571,0.5642063492063493,0.21822599492894904,0.41666666666666663,0.20615641771748744,0.8581603773584904,0.07481204156165408,0.4535628260628261,0.19138889057772285,2.601265342235565,0.302637500143333
16,0.9510714285714286,0.014569200370749736,0.5631944444444443,0.22060221621991793,0.4216666666666667,0.21016111309036128,0.857437106918239,0.07490485468997703,0.45820329670329674,0.19776943264918542,2.770343472957611,0.3557897266375374
17,0.9511607142857142,0.014374983309798755,0.5684444444444445,0.21903098727492107,0.42333333333333334,0.21469225131313832,0.8578616352201258,0.07509263614909038,0.4588929403929404,0.1968455684347989,2.9114493393898018,0.33321013503111424
18,0.9510714285714286,0.015057641952221692,0.5701190476190476,0.22443364920173664,0.42333333333333334,0.2091584715084521,0.8574999999999999,0.07503682167253345,0.4601261516261517,0.1973145871932299,3.059879770278931,0.35419814266280525
19,0.9508035714285714,0.014959470161835589,0.5666269841269841,0.22011404864866302,0.41666666666666663,0.2088038572527406,0.8577044025157232,0.07444786691607191,0.4550449550449551,0.19576595639385969,3.1357061195373532,0.3737371957358472
20,0.9508035714285713,0.014591593939848643,0.5695039682539682,0.21666115490458754,0.4216666666666667,0.20202087185896395,0.8577830188679245,0.0742168963770564,0.4590145410145411,0.18925113654444342,3.3637197899818423,0.39642965131880464
21,0.9506249999999999,0.015382069543130938,0.5672777777777778,0.22379645692566155,0.4183333333333333,0.21053559650477008,0.857248427672956,0.07482142854263789,0.4549895104895104,0.19580555413979636,3.399085762500763,0.3715327954477038
