,accuracy mean,accuracy std,precision mean,precision std,recall mean,recall std,roc_auc mean,roc_auc std,f1 mean,f1 std,runtime mean,runtime std
1,0.9564285714285715,0.010600653950429837,0.7423333333333332,0.29881754343568223,0.27666666666666667,0.14512855476457812,0.8616666666666667,0.07942009222776761,0.38756854256854256,0.17823163666846203,0.7298292112350465,0.17224936851146902
2,0.9546428571428571,0.011411507935576758,0.6911666666666666,0.2879292862153529,0.28833333333333333,0.14524265498830485,0.861619496855346,0.0781149691418632,0.38921717171717174,0.1744118755148862,0.949594180583954,0.1634609591694348
3,0.9540178571428571,0.011620947378346711,0.6593333333333332,0.2664163199565212,0.30833333333333324,0.15968902877672123,0.8602044025157232,0.07804845677479667,0.40079437229437237,0.1792146573662539,1.212667934894562,0.18258177551909263
4,0.9533035714285714,0.011434114523289783,0.6308333333333334,0.23915961169118144,0.32833333333333337,0.16272548031655068,0.8592767295597484,0.07773487307378815,0.41190548340548333,0.17454605791756134,1.4801799011230468,0.22429325701215333
5,0.9515178571428571,0.012418556212036021,0.5856666666666668,0.2317261138098084,0.33333333333333337,0.16068660997411258,0.8590408805031448,0.07722947152025529,0.4080021645021644,0.17362014195770237,1.7211022996902465,0.21065193933795273
6,0.951875,0.012592652414578468,0.5915000000000001,0.2407660646254472,0.3416666666666667,0.17261314842798048,0.8586477987421384,0.07894465199831537,0.4137922077922078,0.18310469230848975,1.9984830546379087,0.232595335690172
7,0.9522321428571431,0.012976606231055449,0.5986190476190476,0.24435457536736638,0.3433333333333334,0.16856936908403503,0.8590408805031446,0.07777896574245152,0.4186579531579532,0.18064939384591797,2.2533935046195985,0.2599154917847341
8,0.950982142857143,0.012276651615498273,0.5753333333333333,0.23134355641488935,0.35000000000000003,0.17961525496893763,0.8590723270440253,0.07801731419240523,0.4132230547230547,0.18120029931288784,2.5354002594947813,0.29079339748031036
9,0.9501785714285715,0.013514981747728218,0.5616428571428571,0.24716788749364396,0.3533333333333334,0.18127613721407082,0.8578773584905661,0.07711750521338234,0.4125697635697635,0.1836865788921397,2.7950559496879577,0.3006299526603457
10,0.9508035714285714,0.013579549988843028,0.5538095238095238,0.2333498960157443,0.3616666666666667,0.19005698590312173,0.8570283018867926,0.0784487329476957,0.41996514596514595,0.19185285878911745,3.0553283047676087,0.3110415819413931
11,0.949642857142857,0.012950867972285993,0.5413809523809523,0.2242103803598765,0.365,0.18872437079200804,0.8575628930817609,0.07859238583937603,0.41454198579198576,0.18236794964585484,3.313611824512482,0.3213305496962487
12,0.949017857142857,0.014390812871570907,0.5391904761904761,0.2336952297733214,0.35833333333333334,0.1899337213849301,0.8574371069182389,0.07829420033938199,0.41077411477411474,0.1918686978831477,3.5589562320709227,0.3265806809870489
13,0.9495535714285713,0.014678696016494356,0.5446190476190476,0.23522020220439047,0.365,0.19152997665395857,0.8572169811320756,0.07746871395948768,0.4182736152736153,0.19335562865955383,3.8901026964187624,0.3616915702359184
14,0.9498214285714285,0.013874155296305823,0.5485238095238095,0.22877771472820166,0.365,0.18365952659841528,0.8568396226415095,0.07872087197984425,0.41964424464424466,0.18589522615166168,4.141532158851623,0.33692757547546986
15,0.9495535714285716,0.01371276714080297,0.5540119047619048,0.23257493670609075,0.35833333333333334,0.1805496188380818,0.8575000000000002,0.07720105957376673,0.415497557997558,0.18121411130406004,4.366667265892028,0.3794159489397406
16,0.9483035714285712,0.013949322820285834,0.5228214285714285,0.21331841445834138,0.3616666666666667,0.18865825801884545,0.8560062893081761,0.0775624751310243,0.40853041403041407,0.18254124958315393,4.614496865272522,0.36826820387396847
17,0.9494642857142855,0.014521255820074703,0.5368809523809523,0.2326392139292875,0.375,0.1918586107527076,0.8585534591194968,0.07721092983882746,0.42387617937617933,0.19235182188410307,4.897985305786134,0.36542503723662667
18,0.9483035714285712,0.01325354541703989,0.5221666666666667,0.20669727113063904,0.365,0.19095079819192656,0.8552672955974842,0.07793321492303623,0.4116396936396936,0.18159524639158467,5.133557560443878,0.38314313650711795
19,0.9494642857142856,0.013950360977483135,0.5486904761904763,0.2451640916450717,0.37,0.19107621316466689,0.8563679245283019,0.07844350813068972,0.41977580752580745,0.18732219930699825,5.402219204902649,0.3701122306986061
20,0.9488392857142858,0.01431676635342726,0.5414563492063491,0.21605728500016913,0.37666666666666665,0.18918072507456232,0.855817610062893,0.07654820995235655,0.4238050283050282,0.18233576872426033,5.7096996188163756,0.39703972397935555
21,0.9498214285714285,0.01452170938140639,0.5581071428571429,0.23389652544007178,0.37666666666666665,0.19610418855869446,0.8571383647798742,0.0772653167047039,0.42660864135864135,0.18869430660594266,5.936373424530029,0.3624697447496489
