,accuracy mean,accuracy std,precision mean,precision std,recall mean,recall std,roc_auc mean,roc_auc std,f1 mean,f1 std,runtime mean,runtime std
1,0.95,0.008183170883849735,0.5333333333333333,0.3929942040850532,0.19999999999999998,0.1452966314513558,0.9147798742138364,0.05823895975113451,0.276031746031746,0.19141363231080677,3.221825098991394,0.10745401200280381
2,0.9517857142857142,0.005922544268491815,0.7166666666666666,0.23629078131263043,0.2666666666666667,0.0816496580927726,0.9147798742138364,0.05848464837853939,0.3651587301587301,0.07843458501824388,3.6224111795425413,0.07934546734314984
3,0.9517857142857142,0.007142857142857168,0.6166666666666666,0.29860788111948194,0.26666666666666666,0.11055415967851333,0.9136792452830189,0.06126610207640703,0.358015873015873,0.14138948473828536,4.197385334968567,0.13176315690835408
4,0.9526785714285714,0.004091585441924893,0.6766666666666665,0.17578395831246946,0.31666666666666665,0.08975274678557507,0.9154088050314467,0.06156538849900957,0.4094660894660894,0.07367811061847432,4.766451787948609,0.21840121560276213
5,0.9535714285714285,0.006681531047810633,0.635,0.14952703211571255,0.35,0.08975274678557507,0.9172955974842768,0.06022730961962385,0.44287878787878787,0.09010940362679883,5.4673103332519535,0.6447089710091575
6,0.9517857142857142,0.007142857142857164,0.6233333333333333,0.15709162223930903,0.33333333333333337,5.551115123125783e-17,0.9154088050314467,0.06142468212942065,0.42858585858585857,0.03609341234707001,5.744979524612427,0.5980267649147831
7,0.9517857142857142,0.005922544268491815,0.6166666666666666,0.15000000000000002,0.33333333333333337,0.07453559924999299,0.9154088050314465,0.061287686616753885,0.4227777777777778,0.06724058518704529,6.179452276229858,0.5218813942244706
8,0.9508928571428571,0.008231736122582954,0.5883333333333333,0.11973350037107872,0.35,0.05,0.9168238993710693,0.06028167372179938,0.4349494949494949,0.06348739980248234,6.5396585941314695,0.3635187844210103
9,0.9526785714285714,0.005717075211993643,0.6083333333333333,0.09166666666666666,0.35,0.05,0.9163522012578618,0.05978482836888628,0.44222222222222224,0.05661217423491998,7.204178833961487,0.5449542949175924
10,0.9544642857142858,0.009321702240098711,0.6114285714285714,0.0992077460219125,0.4166666666666667,0.17078251276599332,0.9179245283018869,0.05884285602882252,0.4821756021756022,0.12292804130388302,7.528253197669983,0.16239466947521433
11,0.9553571428571429,0.007985957062499258,0.6166666666666667,0.07637626158259732,0.4666666666666666,0.2081665999466133,0.9150943396226416,0.05873856937698775,0.5088888888888888,0.1193397473964227,8.179300570487976,0.3046486503892494
12,0.9571428571428571,0.010412414097938033,0.6328571428571429,0.09760046280697676,0.5166666666666666,0.20344259359556172,0.9157232704402517,0.059637434144030464,0.5478710178710179,0.12743838176755917,8.803630447387695,0.5866628741396311
13,0.9580357142857144,0.006973437210630935,0.6814285714285714,0.11975882794495069,0.45,0.16749792701868152,0.9172955974842768,0.05789153588922669,0.5203574203574204,0.10659125372665143,9.76584415435791,1.2281687354337056
14,0.9544642857142858,0.009321702240098711,0.6076190476190476,0.09170098306334878,0.4499999999999999,0.1674979270186815,0.9171383647798743,0.05753965136300627,0.5020668220668221,0.11666676990448646,9.720403695106507,0.21675953724483485
15,0.9544642857142858,0.009321702240098711,0.6028571428571429,0.08716237096112418,0.4833333333333333,0.20344259359556172,0.9157232704402517,0.05836362772664583,0.5151437451437451,0.1189014433317124,10.114656448364258,0.5058340686490932
16,0.9526785714285715,0.009821428571428578,0.6266666666666667,0.15553670520705606,0.4333333333333334,0.1527525231651947,0.9185534591194969,0.05698595645091246,0.4866089466089466,0.08581316901785524,10.906016206741333,0.5191689046785058
17,0.9526785714285715,0.0080357142857143,0.5712121212121212,0.07903515973178771,0.5333333333333333,0.2560381915956203,0.9165094339622643,0.05805890796794752,0.5210644257703081,0.1274016259699431,14.38771357536316,4.149410713720072
18,0.9508928571428571,0.010751423731064557,0.5736904761904762,0.1073839219312761,0.4666666666666667,0.12472191289246472,0.9182389937106918,0.057590972091579325,0.5002231102231103,0.09135740993084934,13.465898799896241,0.5715780852925992
19,0.9508928571428573,0.011468957659522439,0.5670238095238095,0.1034003102009847,0.4666666666666666,0.19436506316151003,0.9161949685534593,0.059967531066799314,0.4914352314352315,0.11368345034159212,14.405606937408447,1.1596575341476987
20,0.95625,0.010140907760357627,0.6100000000000001,0.08116079613909644,0.55,0.24776781245530846,0.9128930817610064,0.06335600076518055,0.55001554001554,0.13571630399205847,12.424201440811157,1.1189489527331575
21,0.9491071428571429,0.013860870264517896,0.5574999999999999,0.1189333380044842,0.5666666666666667,0.23804761428476168,0.9138364779874214,0.05848887533905974,0.5290692640692641,0.11663307858336529,11.99011688232422,0.32945053107664374
22,0.9535714285714285,0.00961636572702591,0.5728571428571427,0.08084166097786377,0.5666666666666667,0.23804761428476168,0.9169811320754718,0.05999535206078541,0.5475679875679876,0.12397277037487958,12.760884237289428,0.5760483064075591
23,0.9508928571428573,0.015073163407262611,0.5516666666666666,0.12069244660154446,0.5666666666666667,0.23804761428476168,0.9160377358490568,0.05848211205557977,0.5372005772005772,0.14504047891601302,13.280801463127137,0.6148454282888535
24,0.9535714285714286,0.01483325689806798,0.5783333333333334,0.113480296870328,0.5666666666666667,0.23804761428476168,0.9157232704402516,0.06032984241389085,0.5503607503607504,0.14591945673986875,15.042728352546693,3.6706688517513975
25,0.9491071428571429,0.01265843471317663,0.5303571428571429,0.1071656721740549,0.4833333333333333,0.20344259359556172,0.9155660377358492,0.05711703876464709,0.491031191031191,0.13315490601912594,17.97174468040466,0.7473484502919027
26,0.9508928571428573,0.013392857142857161,0.5578787878787879,0.10482450456981243,0.5833333333333333,0.22669117514559073,0.9157232704402517,0.060391278531630885,0.5462603409662233,0.12086576111906067,19.37447018623352,1.3848182053775941
27,0.9482142857142858,0.013122266479195597,0.5283333333333334,0.10898521816181209,0.55,0.23629078131263045,0.9172955974842768,0.05927568689338728,0.5168253968253969,0.12768348672007224,21.025019907951354,1.5327844350449635
28,0.9473214285714286,0.015178571428571442,0.5258549783549783,0.10671744713926568,0.5666666666666667,0.23804761428476168,0.9122641509433963,0.06022977245099008,0.5210191932250756,0.12717263064672832,18.767430186271667,2.6926690332013816
29,0.9491071428571429,0.013273275667248667,0.5242857142857142,0.11241550114623508,0.5166666666666667,0.17400510848184253,0.9160377358490566,0.05881091686823125,0.5137262737262738,0.13284924879451357,19.385973620414735,3.1211187044018556
30,0.95,0.012752550765255092,0.5466666666666666,0.11532980412200856,0.5499999999999999,0.21147629234082538,0.9160377358490566,0.05929653673711693,0.5282911532911533,0.12585398790464422,18.159117269515992,1.5151200490656938
31,0.9473214285714284,0.01351138031287641,0.5370238095238096,0.11417212857484377,0.5666666666666667,0.22607766610417562,0.9157232704402516,0.05844828389908462,0.5232029082029082,0.10669889674116491,19.650010967254637,3.9222891453666193
32,0.9491071428571429,0.014424548590538868,0.5478787878787879,0.12308673507984959,0.5499999999999999,0.21147629234082538,0.9105345911949687,0.06296163716454724,0.5258840505899329,0.12384910200629705,23.90037384033203,2.3448925179760534
33,0.9419642857142858,0.01609621105117853,0.4940062388591799,0.09845812356765327,0.55,0.24776781245530846,0.9183962264150944,0.055091835688771185,0.4886651342405819,0.10257575650674272,25.2035701751709,2.2250059928712425
34,0.9428571428571431,0.016071428571428598,0.5166666666666666,0.12671051872498806,0.5166666666666666,0.18929694486000911,0.9132075471698113,0.05985508520610973,0.4866919191919192,0.0860249465233455,23.564222383499146,1.3922135266573534
35,0.9455357142857143,0.013511380312876388,0.5083333333333334,0.127148207485071,0.55,0.24776781245530846,0.9136792452830189,0.05901339502095314,0.5026334776334778,0.13443806892023294,25.361446046829222,2.8964698472179413
36,0.9446428571428571,0.01684639487867251,0.5338636363636364,0.17886941194325434,0.5333333333333333,0.2449489742783178,0.9135220125786164,0.057800932062728225,0.4938731856378915,0.11966376312801359,25.70753448009491,1.4693727054179866
37,0.9455357142857144,0.01464394595255068,0.5266666666666666,0.1271918935222594,0.45,0.10671873729054748,0.9154088050314467,0.056777336977221066,0.47101010101010105,0.08847245197053026,26.874698042869568,1.7729764857683874
38,0.9482142857142858,0.016846394878672528,0.5449999999999999,0.13905434589077434,0.5,0.18257418583505539,0.9168238993710693,0.05766583119574831,0.5044444444444445,0.1255716040029118,26.298025441169738,1.3217945290256827
39,0.9491071428571429,0.014967013048428774,0.5479761904761904,0.12199221426032093,0.5166666666666666,0.18929694486000911,0.914308176100629,0.06029315571114326,0.5132844932844932,0.12149777800496997,26.46645188331604,2.2138625990743157
40,0.9482142857142858,0.017767632805475376,0.5496428571428571,0.13227690541139603,0.5833333333333333,0.2140872096444188,0.9150943396226415,0.05800587026948654,0.539355921855922,0.1299516309257434,25.127833342552186,1.993749005397312
41,0.9428571428571428,0.01336306209562124,0.48948717948717946,0.09680259775585257,0.5666666666666667,0.23804761428476168,0.9152515723270442,0.05643515240487049,0.5010366826156301,0.11176938021665908,25.197180557250977,2.3813308268708155
42,0.9482142857142856,0.011151782139997166,0.5368398268398268,0.08699477529042295,0.6000000000000001,0.19999999999999998,0.9149371069182392,0.061708378158649796,0.5434205173911056,0.09036500377722455,28.192933130264283,8.419468219877947
43,0.9401785714285715,0.022249885347101997,0.5119607843137255,0.14536395876384597,0.5833333333333333,0.2386303510546059,0.914308176100629,0.05793017030819974,0.5060628019323672,0.11439457459112976,22.208368015289306,1.174689851646216
44,0.9517857142857142,0.01275255076525509,0.562142857142857,0.10538881686919363,0.5833333333333333,0.2386303510546059,0.914308176100629,0.059371743746834085,0.5473537573537574,0.13119094508820087,22.894995665550233,1.6165283124896015
45,0.9464285714285714,0.019149652312077877,0.546082251082251,0.14066993489774024,0.5166666666666666,0.11666666666666665,0.9163522012578618,0.057180845950594764,0.5138599962129373,0.10444310422159235,21.32580099105835,0.11258489818637941
46,0.94375,0.014967013048428783,0.5128571428571429,0.11600003909609162,0.5333333333333333,0.19436506316151003,0.914622641509434,0.05917070076182992,0.49734487734487737,0.09488307171935988,21.698600602149963,0.12831214431899424
47,0.9455357142857143,0.01667994793952628,0.5333333333333333,0.1341640786499874,0.5166666666666666,0.18929694486000911,0.9133647798742139,0.059368412489861945,0.4997222222222222,0.1058990141061484,22.180100536346437,0.06815175970296597
48,0.9508928571428573,0.01507316340726263,0.5591883116883116,0.11689716977008785,0.5833333333333333,0.2386303510546059,0.9122641509433963,0.061464916817377334,0.5450848497907322,0.13656261923245266,22.60640094280243,0.130393245920062
49,0.9482142857142858,0.012500000000000027,0.559010989010989,0.11430102860669852,0.5,0.19720265943665388,0.9154088050314467,0.05672070382283831,0.49840264998159733,0.08940696980805965,23.007800459861755,0.10773760234014114
50,0.95,0.008183170883849735,0.5333333333333333,0.3929942040850532,0.19999999999999998,0.1452966314513558,0.9146226415094338,0.05708673243386307,0.276031746031746,0.19141363231080677,3.040692758560181,0.4985070732496627
