,accuracy mean,accuracy std,precision mean,precision std,recall mean,recall std,roc_auc mean,roc_auc std,f1 mean,f1 std,runtime mean,runtime std
1,0.9542857142857143,0.013952279242695894,0.6384047619047619,0.27216878372142217,0.32499999999999996,0.20104095303228248,0.8471855345911949,0.07699159798912458,0.40783682983682984,0.21830886059438245,1.1028536677360534,0.04184668621535007
2,0.9541071428571428,0.01390795326001536,0.638904761904762,0.26602042021742967,0.33666666666666667,0.1997966865826424,0.8486674528301886,0.07643294104924299,0.41684693084693086,0.21455304502353836,2.4060910177230834,0.2494759344727489
3,0.9541071428571428,0.013603284176112906,0.6364047619047619,0.2494327679172963,0.35,0.19422612712452964,0.8500314465408806,0.0764677164546029,0.42840537240537235,0.2042963752198293,3.837866082191467,0.39741330978445794
4,0.9532142857142858,0.013828487818056994,0.6080952380952381,0.24343678338228747,0.3633333333333334,0.195080039710365,0.8518238993710693,0.0757501922455677,0.4330883560883561,0.20170033183338187,5.394856283664703,0.6285557556904223
5,0.9529464285714286,0.014478506223604809,0.5938809523809523,0.24426618692233873,0.38,0.20272454640631965,0.8525943396226415,0.0752197381742248,0.4421294261294261,0.20738096981418433,6.8805335855484016,0.5727717510620305
6,0.9525892857142857,0.014224520328270058,0.5792857142857142,0.2235681095416116,0.3883333333333333,0.20648585153699156,0.8535377358490566,0.07533300549574645,0.4443385503385503,0.20239310577503092,7.450363836288451,0.6286234702178093
7,0.9525,0.014466242293510265,0.5741190476190476,0.23018568967041628,0.3916666666666666,0.2114730078576005,0.8535849056603773,0.07465065198225843,0.4441971361971362,0.20664498103529622,9.007363290786744,0.7580313132982045
8,0.9521428571428572,0.014030745566662506,0.5677619047619047,0.2173917888683911,0.39999999999999997,0.20662863792084804,0.8546069182389937,0.07491510197368767,0.44905755355755356,0.19960223446922273,11.130995137691498,1.3292845261527007
9,0.9517857142857142,0.013549253806726433,0.5656190476190476,0.2137171452879068,0.4049999999999999,0.2031786888598845,0.854874213836478,0.07498429736543488,0.4520074925074925,0.1947143959462118,13.1129678940773,1.9309497458295806
10,0.9516071428571428,0.013839667579759832,0.5626904761904761,0.21520436841299567,0.4116666666666666,0.20489582495257602,0.8549213836477987,0.07468585760881327,0.4543039183039183,0.19484775598326834,12.557788569927217,0.9538228943499727
